[background_img_01b1.jpg]
filters=autolight=1;finetune2=1,0.315789,0.053333,0.061754,00000000,0.450292;autolight=1;TwoTone=1,2.777779,0.000000,46.198830,00004488,00ffff00;
moddate=121738b0d177d301
width=800
height=407
textactive=0
